*NODE, NSET=N-FAST
1000001,631.82578, 747.53129, 760.60203
1000002,643.04066, 735.95529, 797.48290
1000003,652.04787, 725.98338, 826.79941
1000004,652.11777, 725.90367, 827.02582
1000005,652.18766, 725.82392, 827.25221
1000006,652.25757, 725.74414, 827.47859
1000007,652.32747, 725.66432, 827.70496
1000008,652.39737, 725.58446, 827.93132
1000009,652.46727, 725.50456, 828.15766
1000010,652.53718, 725.42463, 828.38399
1000011,652.60708, 725.34466, 828.61030
1000012,634.12207, 745.23760, 768.18677
1000013,634.19167, 745.16746, 768.41641
1000014,634.26128, 745.09728, 768.64604
1000015,634.33089, 745.02706, 768.87566
1000016,634.40049, 744.95681, 769.10527
1000017,634.47010, 744.88651, 769.33486
1000018,634.53971, 744.81618, 769.56444
1000019,634.60932, 744.74581, 769.79401
1000020,634.67893, 744.67541, 770.02357
1000021,634.74855, 744.60497, 770.25312
1000022,634.81816, 744.53448, 770.48266
1000023,634.88778, 744.46397, 770.71218
1000024,634.95739, 744.39341, 770.94169
1000025,635.02701, 744.32282, 771.17119
1000026,635.09663, 744.25219, 771.40068
1000027,635.16625, 744.18152, 771.63015
1000028,635.23587, 744.11081, 771.85962
1000029,635.30549, 744.04007, 772.08907
1000030,635.37512, 743.96929, 772.31851
1000031,635.44474, 743.89847, 772.54794
1000032,635.51437, 743.82762, 772.77735
1000033,635.58399, 743.75673, 773.00676
1000034,635.65362, 743.68580, 773.23615
1000035,635.72325, 743.61483, 773.46553
1000036,635.79288, 743.54382, 773.69490
1000037,635.86251, 743.47278, 773.92426
1000038,635.93215, 743.40170, 774.15360
1000039,636.00178, 743.33058, 774.38293
1000040,636.07141, 743.25943, 774.61225
1000041,636.14105, 743.18824, 774.84156
1000042,636.21069, 743.11701, 775.07086
1000043,636.28033, 743.04574, 775.30014
1000044,616.27151, 762.01589, 708.79530
1000045,616.34082, 761.95544, 709.02777
1000046,616.41013, 761.89496, 709.26023
1000047,616.47945, 761.83444, 709.49268
1000048,616.54876, 761.77389, 709.72512
1000049,616.61808, 761.71329, 709.95755
1000050,616.68740, 761.65266, 710.18997
1000051,616.75672, 761.59199, 710.42238
1000052,616.82604, 761.53128, 710.65478
1000053,616.89536, 761.47053, 710.88717
1000054,616.96468, 761.40975, 711.11955
1000055,617.03401, 761.34892, 711.35191
1000056,617.10333, 761.28806, 711.58427
1000057,617.17266, 761.22717, 711.81662
1000058,617.24198, 761.16623, 712.04895
1000059,617.31131, 761.10525, 712.28128
1000060,617.38064, 761.04424, 712.51360
1000061,617.44997, 760.98319, 712.74590
1000062,617.51930, 760.92210, 712.97820
1000063,617.58864, 760.86098, 713.21049
1000064,617.65797, 760.79981, 713.44276
1000065,617.72730, 760.73861, 713.67503
1000066,617.79664, 760.67737, 713.90728
1000067,617.86598, 760.61609, 714.13952
1000068,617.93532, 760.55477, 714.37176
1000069,618.00466, 760.49342, 714.60398
1000070,618.07400, 760.43203, 714.83619
1000071,618.14334, 760.37060, 715.06840
1000072,618.21268, 760.30913, 715.30059
1000073,618.28202, 760.24762, 715.53277
1000074,618.35137, 760.18608, 715.76494
1000075,618.42072, 760.12450, 715.99710
1000076,600.77399, 774.59444, 656.47626
1000077,600.84305, 774.54255, 656.71086
1000078,600.91211, 774.49062, 656.94546
1000079,600.98118, 774.43865, 657.18004
1000080,601.05024, 774.38665, 657.41462
1000081,601.11930, 774.33460, 657.64919
1000082,601.18837, 774.28252, 657.88374
1000083,601.25744, 774.23040, 658.11829
1000084,601.32650, 774.17824, 658.35283
1000085,601.39557, 774.12604, 658.58736
1000086,601.46464, 774.07381, 658.82189
1000087,601.53371, 774.02154, 659.05640
1000088,601.60278, 773.96922, 659.29091
1000089,601.67186, 773.91687, 659.52540
1000090,601.74093, 773.86449, 659.75989
1000091,601.81001, 773.81206, 659.99437
1000092,601.87908, 773.75959, 660.22884
1000093,601.94816, 773.70709, 660.46330
1000094,602.01724, 773.65455, 660.69775
1000095,602.08632, 773.60197, 660.93219
1000096,602.15540, 773.54935, 661.16662
1000097,602.22448, 773.49669, 661.40105
1000098,602.29357, 773.44400, 661.63546
1000099,602.36265, 773.39126, 661.86987
1000100,602.43174, 773.33849, 662.10427
1000101,602.50082, 773.28568, 662.33866
1000102,602.56991, 773.23283, 662.57304
1000103,602.63900, 773.17995, 662.80741
1000104,602.70809, 773.12702, 663.04177
1000105,602.77718, 773.07406, 663.27612
1000106,602.84628, 773.02105, 663.51047
1000107,602.91537, 772.96801, 663.74480
1000108,654.91462, 722.68497, 836.07111
1000109,654.98456, 722.60375, 836.29696
1000110,655.05451, 722.52249, 836.52280
1000111,655.12446, 722.44119, 836.74863
1000112,655.19441, 722.35985, 836.97445
1000113,655.26435, 722.27848, 837.20025
1000114,655.33431, 722.19707, 837.42603
1000115,655.40426, 722.11563, 837.65180
1000116,655.47421, 722.03415, 837.87756
1000117,655.54416, 721.95263, 838.10331
1000118,655.61412, 721.87107, 838.32904
1000119,655.68408, 721.78948, 838.55476
1000120,655.75403, 721.70785, 838.78046
1000121,655.82399, 721.62618, 839.00615
1000122,655.89395, 721.54448, 839.23183
1000123,655.96391, 721.46274, 839.45750
1000124,656.03387, 721.38096, 839.68315
1000125,656.10384, 721.29914, 839.90878
1000126,656.17380, 721.21729, 840.13440
1000127,656.24377, 721.13541, 840.36001
1000128,656.31373, 721.05348, 840.58561
1000129,656.38370, 720.97152, 840.81119
1000130,656.45367, 720.88952, 841.03675
1000131,656.52364, 720.80748, 841.26231
1000132,656.59361, 720.72541, 841.48785
1000133,656.66358, 720.64330, 841.71337
1000134,656.73356, 720.56116, 841.93889
1000135,656.80353, 720.47897, 842.16438
1000136,656.87351, 720.39676, 842.38987
1000137,656.94349, 720.31450, 842.61534
1000138,657.01346, 720.23221, 842.84080
1000139,657.08344, 720.14988, 843.06624
1000140,638.57903, 740.67295, 782.85979
1000141,638.64870, 740.60041, 783.08866
1000142,638.71838, 740.52784, 783.31752
1000143,638.78806, 740.45522, 783.54637
1000144,638.85774, 740.38257, 783.77521
1000145,638.92742, 740.30989, 784.00403
1000146,638.99711, 740.23716, 784.23285
1000147,639.06679, 740.16440, 784.46165
1000148,639.13647, 740.09160, 784.69044
1000149,639.20616, 740.01876, 784.91921
1000150,639.27585, 739.94589, 785.14798
1000151,639.34554, 739.87298, 785.37673
1000152,639.41523, 739.80003, 785.60547
1000153,639.48492, 739.72704, 785.83420
1000154,639.55461, 739.65402, 786.06291
1000155,639.62430, 739.58096, 786.29161
1000156,639.69400, 739.50786, 786.52030
1000157,639.76369, 739.43472, 786.74898
1000158,639.83339, 739.36155, 786.97765
1000159,639.90309, 739.28834, 787.20630
1000160,639.97278, 739.21509, 787.43494
1000161,640.04248, 739.14181, 787.66357
1000162,640.11218, 739.06849, 787.89219
1000163,640.18189, 738.99513, 788.12079
1000164,640.25159, 738.92173, 788.34939
1000165,640.32129, 738.84830, 788.57797
1000166,640.39100, 738.77482, 788.80653
1000167,640.46071, 738.70132, 789.03509
1000168,640.53041, 738.62777, 789.26363
1000169,640.60012, 738.55419, 789.49216
1000170,640.66983, 738.48057, 789.72068
1000171,640.73954, 738.40691, 789.94919
1000172,620.70978, 758.07102, 723.65254
1000173,620.77916, 758.00815, 723.88435
1000174,620.84855, 757.94524, 724.11614
1000175,620.91794, 757.88229, 724.34792
1000176,620.98732, 757.81931, 724.57970
1000177,621.05671, 757.75629, 724.81146
1000178,621.12610, 757.69323, 725.04321
1000179,621.19549, 757.63013, 725.27495
1000180,621.26489, 757.56699, 725.50668
1000181,621.33428, 757.50382, 725.73840
1000182,621.40368, 757.44061, 725.97010
1000183,621.47307, 757.37736, 726.20180
1000184,621.54247, 757.31407, 726.43349
1000185,621.61187, 757.25075, 726.66516
1000186,621.68127, 757.18738, 726.89683
1000187,621.75067, 757.12398, 727.12848
1000188,621.82007, 757.06054, 727.36013
1000189,621.88947, 756.99707, 727.59176
1000190,621.95888, 756.93355, 727.82338
1000191,622.02828, 756.87000, 728.05500
1000192,622.09769, 756.80641, 728.28660
1000193,622.16710, 756.74278, 728.51819
1000194,622.23650, 756.67912, 728.74977
1000195,622.30591, 756.61541, 728.98134
1000196,622.37533, 756.55167, 729.21289
1000197,622.44474, 756.48789, 729.44444
1000198,622.51415, 756.42408, 729.67598
1000199,622.58356, 756.36022, 729.90750
1000200,622.65298, 756.29633, 730.13902
1000201,622.72240, 756.23240, 730.37052
1000202,622.79181, 756.16843, 730.60202
1000203,622.86123, 756.10443, 730.83350
1000204,605.19609, 771.19621, 671.47276
1000205,605.26522, 771.14186, 671.70679
1000206,605.33435, 771.08748, 671.94080
1000207,605.40348, 771.03307, 672.17481
1000208,605.47262, 770.97861, 672.40881
1000209,605.54176, 770.92411, 672.64279
1000210,605.61089, 770.86958, 672.87677
1000211,605.68003, 770.81501, 673.11074
1000212,605.74917, 770.76040, 673.34470
1000213,605.81831, 770.70575, 673.57865
1000214,605.88745, 770.65107, 673.81260
1000215,605.95660, 770.59634, 674.04653
1000216,606.02574, 770.54158, 674.28045
1000217,606.09489, 770.48678, 674.51437
1000218,606.16403, 770.43194, 674.74827
1000219,606.23318, 770.37706, 674.98217
1000220,606.30233, 770.32215, 675.21605
1000221,606.37148, 770.26719, 675.44993
1000222,606.44063, 770.21220, 675.68380
1000223,606.50978, 770.15717, 675.91766
1000224,606.57893, 770.10210, 676.15150
1000225,606.64809, 770.04699, 676.38534
1000226,606.71724, 769.99185, 676.61917
1000227,606.78640, 769.93667, 676.85300
1000228,606.85556, 769.88144, 677.08681
1000229,606.92472, 769.82618, 677.32061
1000230,606.99388, 769.77089, 677.55440
1000231,607.06304, 769.71555, 677.78818
1000232,607.13220, 769.66018, 678.02196
1000233,607.20136, 769.60476, 678.25572
1000234,607.27053, 769.54931, 678.48948
1000235,607.33969, 769.49382, 678.72322
1000236,643.11041, 735.88036, 797.71098
1000237,643.18016, 735.80540, 797.93905
1000238,643.24991, 735.73040, 798.16710
1000239,643.31966, 735.65537, 798.39515
1000240,643.38942, 735.58029, 798.62318
1000241,643.45917, 735.50518, 798.85120
1000242,643.52893, 735.43003, 799.07920
1000243,643.59869, 735.35485, 799.30720
1000244,643.66845, 735.27962, 799.53518
1000245,643.73821, 735.20437, 799.76314
1000246,643.80797, 735.12907, 799.99110
1000247,643.87773, 735.05373, 800.21904
1000248,643.94750, 734.97836, 800.44697
1000249,644.01726, 734.90295, 800.67489
1000250,644.08703, 734.82751, 800.90280
1000251,644.15680, 734.75203, 801.13069
1000252,644.22656, 734.67651, 801.35857
1000253,644.29633, 734.60095, 801.58643
1000254,644.36610, 734.52535, 801.81429
1000255,644.43588, 734.44972, 802.04213
1000256,644.50565, 734.37405, 802.26996
1000257,644.57542, 734.29835, 802.49777
1000258,644.64520, 734.22260, 802.72558
1000259,644.71498, 734.14682, 802.95337
1000260,644.78475, 734.07101, 803.18115
1000261,644.85453, 733.99515, 803.40891
1000262,644.92431, 733.91926, 803.63666
1000263,644.99409, 733.84333, 803.86440
1000264,645.06387, 733.76736, 804.09213
1000265,645.13366, 733.69136, 804.31985
1000266,645.20344, 733.61532, 804.54755
1000267,645.27323, 733.53924, 804.77524
1000268,625.15269, 753.97102, 738.46634
1000269,625.22215, 753.90573, 738.69745
1000270,625.29160, 753.84040, 738.92855
1000271,625.36106, 753.77504, 739.15964
1000272,625.43053, 753.70963, 739.39072
1000273,625.49999, 753.64419, 739.62179
1000274,625.56945, 753.57871, 739.85284
1000275,625.63891, 753.51320, 740.08389
1000276,625.70838, 753.44764, 740.31492
1000277,625.77785, 753.38205, 740.54595
1000278,625.84731, 753.31642, 740.77696
1000279,625.91678, 753.25075, 741.00796
1000280,625.98625, 753.18505, 741.23895
1000281,626.05572, 753.11930, 741.46993
1000282,626.12520, 753.05352, 741.70090
1000283,626.19467, 752.98770, 741.93186
1000284,626.26414, 752.92185, 742.16280
1000285,626.33362, 752.85595, 742.39374
1000286,626.40309, 752.79002, 742.62466
1000287,626.47257, 752.72405, 742.85558
1000288,626.54205, 752.65804, 743.08648
1000289,626.61153, 752.59200, 743.31737
1000290,626.68101, 752.52591, 743.54825
1000291,626.75050, 752.45979, 743.77912
1000292,626.81998, 752.39364, 744.00998
1000293,626.88946, 752.32744, 744.24082
1000294,626.95895, 752.26121, 744.47166
1000295,627.02844, 752.19493, 744.70248
1000296,627.09792, 752.12863, 744.93329
1000297,627.16741, 752.06228, 745.16409
1000298,627.23690, 751.99589, 745.39489
1000299,627.30639, 751.92947, 745.62566
1000300,609.62279, 767.64125, 686.43152
1000301,609.69199, 767.58447, 686.66494
1000302,609.76120, 767.52764, 686.89835
1000303,609.83040, 767.47078, 687.13176
1000304,609.89961, 767.41387, 687.36515
1000305,609.96882, 767.35693, 687.59853
1000306,610.03803, 767.29996, 687.83191
1000307,610.10724, 767.24294, 688.06527
1000308,610.17645, 767.18589, 688.29863
1000309,610.24566, 767.12879, 688.53197
1000310,610.31488, 767.07166, 688.76531
1000311,610.38409, 767.01449, 688.99864
1000312,610.45331, 766.95729, 689.23195
1000313,610.52253, 766.90004, 689.46526
1000314,610.59174, 766.84276, 689.69855
1000315,610.66096, 766.78544, 689.93184
1000316,610.73019, 766.72808, 690.16512
1000317,610.79941, 766.67068, 690.39839
1000318,610.86863, 766.61324, 690.63164
1000319,610.93785, 766.55577, 690.86489
1000320,611.00708, 766.49826, 691.09813
1000321,611.07631, 766.44070, 691.33136
1000322,611.14553, 766.38312, 691.56458
1000323,611.21476, 766.32549, 691.79779
1000324,611.28399, 766.26783, 692.03099
1000325,611.35322, 766.21012, 692.26418
1000326,611.42246, 766.15238, 692.49736
1000327,611.49169, 766.09460, 692.73053
1000328,611.56092, 766.03678, 692.96369
1000329,611.63016, 765.97893, 693.19684
1000330,611.69939, 765.92104, 693.42998
1000331,611.76863, 765.86310, 693.66311
1000332,594.14948, 779.39713, 633.91437
1000333,594.21843, 779.34892, 634.14979
1000334,594.28738, 779.30068, 634.38520
1000335,594.35634, 779.25240, 634.62060
1000336,594.42529, 779.20409, 634.85600
1000337,594.49425, 779.15573, 635.09138
1000338,594.56321, 779.10733, 635.32676
1000339,594.63216, 779.05890, 635.56213
1000340,594.70112, 779.01043, 635.79749
1000341,594.77009, 778.96192, 636.03285
1000342,594.83905, 778.91337, 636.26819
1000343,594.90801, 778.86478, 636.50353
1000344,594.97698, 778.81616, 636.73886
1000345,595.04594, 778.76749, 636.97418
1000346,595.11491, 778.71879, 637.20949
1000347,595.18388, 778.67005, 637.44479
1000348,595.25284, 778.62127, 637.68009
1000349,595.32181, 778.57245, 637.91537
1000350,595.39079, 778.52360, 638.15065
1000351,595.45976, 778.47470, 638.38592
1000352,595.52873, 778.42577, 638.62118
1000353,595.59771, 778.37680, 638.85644
1000354,595.66668, 778.32779, 639.09168
1000355,595.73566, 778.27874, 639.32692
1000356,595.80464, 778.22965, 639.56215
1000357,595.87362, 778.18053, 639.79737
1000358,595.94260, 778.13136, 640.03258
1000359,596.01158, 778.08216, 640.26778
1000360,596.08056, 778.03292, 640.50298
1000361,596.14954, 777.98364, 640.73817
1000362,596.21853, 777.93432, 640.97335
1000363,596.28751, 777.88497, 641.20852
1000364,647.57679, 731.00784, 812.28176
1000365,647.64662, 730.93050, 812.50901
1000366,647.71644, 730.85313, 812.73625
1000367,647.78627, 730.77571, 812.96348
1000368,647.85610, 730.69826, 813.19069
1000369,647.92593, 730.62077, 813.41789
1000370,647.99576, 730.54325, 813.64507
1000371,648.06559, 730.46568, 813.87225
1000372,648.13542, 730.38808, 814.09941
1000373,648.20525, 730.31045, 814.32655
1000374,648.27509, 730.23277, 814.55369
1000375,648.34492, 730.15506, 814.78081
1000376,648.41476, 730.07731, 815.00792
1000377,648.48460, 729.99953, 815.23501
1000378,648.55444, 729.92171, 815.46209
1000379,648.62428, 729.84385, 815.68916
1000380,648.69412, 729.76595, 815.91622
1000381,648.76396, 729.68802, 816.14326
1000382,648.83381, 729.61005, 816.37029
1000383,648.90365, 729.53204, 816.59731
1000384,648.97350, 729.45400, 816.82431
1000385,649.04335, 729.37591, 817.05130
1000386,649.11320, 729.29780, 817.27828
1000387,649.18305, 729.21964, 817.50524
1000388,649.25290, 729.14145, 817.73219
1000389,649.32275, 729.06322, 817.95913
1000390,649.39260, 728.98495, 818.18606
1000391,649.46246, 728.90665, 818.41297
1000392,649.53231, 728.82831, 818.63987
1000393,649.60217, 728.74993, 818.86675
1000394,649.67202, 728.67151, 819.09362
1000395,649.74188, 728.59306, 819.32048
1000396,629.60025, 749.71641, 753.23506
1000397,629.66978, 749.64871, 753.46546
1000398,629.73931, 749.58097, 753.69584
1000399,629.80884, 749.51319, 753.92621
1000400,629.87838, 749.44538, 754.15658
1000401,629.94791, 749.37752, 754.38692
1000402,630.01745, 749.30963, 754.61726
1000403,630.08698, 749.24171, 754.84759
1000404,630.15652, 749.17374, 755.07791
1000405,630.22606, 749.10574, 755.30821
1000406,630.29560, 749.03770, 755.53850
1000407,630.36514, 748.96962, 755.76878
1000408,630.43469, 748.90150, 755.99905
1000409,630.50423, 748.83335, 756.22931
1000410,630.57377, 748.76516, 756.45956
1000411,630.64332, 748.69693, 756.68979
1000412,630.71287, 748.62866, 756.92002
1000413,630.78242, 748.56036, 757.15023
1000414,630.85196, 748.49202, 757.38043
1000415,630.92152, 748.42364, 757.61062
1000416,630.99107, 748.35522, 757.84079
1000417,631.06062, 748.28677, 758.07096
1000418,631.13017, 748.21827, 758.30112
1000419,631.19973, 748.14974, 758.53126
1000420,631.26928, 748.08118, 758.76139
1000421,631.33884, 748.01257, 758.99151
1000422,631.40840, 747.94393, 759.22162
1000423,631.47796, 747.87525, 759.45171
1000424,631.54752, 747.80653, 759.68180
1000425,631.61708, 747.73778, 759.91187
1000426,631.68665, 747.66899, 760.14194
1000427,631.75621, 747.60016, 760.37199
1000428,614.05411, 763.92999, 701.35089
1000429,614.12339, 763.87077, 701.58369
1000430,614.19266, 763.81150, 701.81647
1000431,614.26194, 763.75220, 702.04925
1000432,614.33122, 763.69286, 702.28201
1000433,614.40050, 763.63348, 702.51476
1000434,614.46978, 763.57406, 702.74751
1000435,614.53907, 763.51461, 702.98024
1000436,614.60835, 763.45512, 703.21297
1000437,614.67764, 763.39559, 703.44568
1000438,614.74692, 763.33602, 703.67838
1000439,614.81621, 763.27641, 703.91108
1000440,614.88550, 763.21677, 704.14376
1000441,614.95479, 763.15708, 704.37643
1000442,615.02408, 763.09736, 704.60910
1000443,615.09337, 763.03760, 704.84175
1000444,615.16266, 762.97781, 705.07439
1000445,615.23196, 762.91797, 705.30703
1000446,615.30125, 762.85810, 705.53965
1000447,615.37055, 762.79819, 705.77226
1000448,615.43985, 762.73824, 706.00486
1000449,615.50915, 762.67825, 706.23746
1000450,615.57845, 762.61823, 706.47004
1000451,615.64775, 762.55816, 706.70261
1000452,615.71705, 762.49806, 706.93517
1000453,615.78635, 762.43792, 707.16773
1000454,615.85566, 762.37775, 707.40027
1000455,615.92496, 762.31753, 707.63280
1000456,615.99427, 762.25728, 707.86532
1000457,616.06358, 762.19699, 708.09783
1000458,616.13289, 762.13666, 708.33033
1000459,616.20220, 762.07629, 708.56282
1000460,598.56467, 776.23466, 648.96438
1000461,598.63370, 776.18400, 649.19926
1000462,598.70272, 776.13330, 649.43413
1000463,598.77175, 776.08256, 649.66899
1000464,598.84077, 776.03178, 649.90385
1000465,598.90980, 775.98097, 650.13870
1000466,598.97883, 775.93011, 650.37353
1000467,599.04786, 775.87922, 650.60836
1000468,599.11690, 775.82829, 650.84318
1000469,599.18593, 775.77732, 651.07799
1000470,599.25496, 775.72631, 651.31280
1000471,599.32400, 775.67527, 651.54759
1000472,599.39303, 775.62418, 651.78238
1000473,599.46207, 775.57306, 652.01716
1000474,599.53111, 775.52190, 652.25192
1000475,599.60015, 775.47070, 652.48668
1000476,599.66919, 775.41946, 652.72143
1000477,599.73823, 775.36819, 652.95618
1000478,599.80727, 775.31687, 653.19091
1000479,599.87632, 775.26552, 653.42564
1000480,599.94536, 775.21413, 653.66035
1000481,600.01441, 775.16270, 653.89506
1000482,600.08346, 775.11123, 654.12976
1000483,600.15251, 775.05972, 654.36445
1000484,600.22156, 775.00818, 654.59913
1000485,600.29061, 774.95659, 654.83380
1000486,600.35966, 774.90497, 655.06847
1000487,600.42871, 774.85331, 655.30312
1000488,600.49777, 774.80161, 655.53777
1000489,600.56682, 774.74988, 655.77240
1000490,600.63588, 774.69810, 656.00703
1000491,600.70493, 774.64629, 656.24165
1000492,652.67699, 725.26466, 828.83660
1000493,652.74690, 725.18462, 829.06289
1000494,652.81681, 725.10454, 829.28916
1000495,652.88672, 725.02442, 829.51542
1000496,652.95663, 724.94427, 829.74167
1000497,653.02654, 724.86408, 829.96790
1000498,653.09646, 724.78385, 830.19412
1000499,653.16637, 724.70358, 830.42033
1000500,653.23629, 724.62328, 830.64652
1000501,653.30620, 724.54294, 830.87270
1000502,653.37612, 724.46257, 831.09887
1000503,653.44604, 724.38216, 831.32502
1000504,653.51596, 724.30171, 831.55116
1000505,653.58588, 724.22122, 831.77729
1000506,653.65581, 724.14070, 832.00340
1000507,653.72573, 724.06014, 832.22950
1000508,653.79566, 723.97954, 832.45559
1000509,653.86558, 723.89891, 832.68166
1000510,653.93551, 723.81824, 832.90772
1000511,654.00544, 723.73753, 833.13376
1000512,654.07537, 723.65678, 833.35979
1000513,654.14530, 723.57600, 833.58581
1000514,654.21523, 723.49519, 833.81181
1000515,654.28517, 723.41433, 834.03780
1000516,654.35510, 723.33344, 834.26378
1000517,654.42504, 723.25251, 834.48974
1000518,654.49497, 723.17154, 834.71569
1000519,654.56491, 723.09054, 834.94163
1000520,654.63485, 723.00950, 835.16755
1000521,654.70479, 722.92842, 835.39346
1000522,654.77473, 722.84731, 835.61936
1000523,654.84468, 722.76616, 835.84524
1000524,636.34996, 742.97444, 775.52942
1000525,636.41961, 742.90310, 775.75868
1000526,636.48925, 742.83172, 775.98793
1000527,636.55889, 742.76030, 776.21716
1000528,636.62853, 742.68885, 776.44639
1000529,636.69818, 742.61735, 776.67560
1000530,636.76783, 742.54583, 776.90480
1000531,636.83747, 742.47426, 777.13399
1000532,636.90712, 742.40266, 777.36317
1000533,636.97677, 742.33101, 777.59233
1000534,637.04642, 742.25934, 777.82149
1000535,637.11607, 742.18762, 778.05063
1000536,637.18573, 742.11587, 778.27975
1000537,637.25538, 742.04408, 778.50887
1000538,637.32504, 741.97225, 778.73798
1000539,637.39469, 741.90038, 778.96707
1000540,637.46435, 741.82848, 779.19615
1000541,637.53401, 741.75654, 779.42522
1000542,637.60367, 741.68456, 779.65427
1000543,637.67333, 741.61255, 779.88332
1000544,637.74299, 741.54049, 780.11235
1000545,637.81266, 741.46841, 780.34137
1000546,637.88232, 741.39628, 780.57038
1000547,637.95199, 741.32411, 780.79937
1000548,638.02165, 741.25191, 781.02836
1000549,638.09132, 741.17967, 781.25733
1000550,638.16099, 741.10740, 781.48629
1000551,638.23066, 741.03508, 781.71523
1000552,638.30033, 740.96273, 781.94417
1000553,638.37000, 740.89034, 782.17309
1000554,638.43968, 740.81792, 782.40200
1000555,638.50935, 740.74545, 782.63090
1000556,618.49006, 760.06288, 716.22925
1000557,618.55941, 760.00122, 716.46139
1000558,618.62876, 759.93952, 716.69352
1000559,618.69811, 759.87779, 716.92564
1000560,618.76746, 759.81602, 717.15775
1000561,618.83682, 759.75421, 717.38985
1000562,618.90617, 759.69236, 717.62194
1000563,618.97553, 759.63047, 717.85402
1000564,619.04488, 759.56855, 718.08608
1000565,619.11424, 759.50659, 718.31814
1000566,619.18360, 759.44459, 718.55019
1000567,619.25296, 759.38255, 718.78222
1000568,619.32232, 759.32048, 719.01425
1000569,619.39168, 759.25837, 719.24626
1000570,619.46105, 759.19621, 719.47827
1000571,619.53041, 759.13403, 719.71026
1000572,619.59978, 759.07180, 719.94224
1000573,619.66914, 759.00954, 720.17422
1000574,619.73851, 758.94723, 720.40618
1000575,619.80788, 758.88489, 720.63813
1000576,619.87725, 758.82251, 720.87007
1000577,619.94662, 758.76010, 721.10200
1000578,620.01599, 758.69764, 721.33392
1000579,620.08537, 758.63515, 721.56583
1000580,620.15474, 758.57262, 721.79773
1000581,620.22412, 758.51005, 722.02962
1000582,620.29349, 758.44745, 722.26150
1000583,620.36287, 758.38481, 722.49337
1000584,620.43225, 758.32212, 722.72522
1000585,620.50163, 758.25940, 722.95707
1000586,620.57101, 758.19665, 723.18890
1000587,620.64039, 758.13385, 723.42073
1000588,602.98446, 772.91494, 663.97913
1000589,603.05356, 772.86182, 664.21344
1000590,603.12266, 772.80866, 664.44775
1000591,603.19175, 772.75547, 664.68205
1000592,603.26085, 772.70224, 664.91634
1000593,603.32995, 772.64897, 665.15062
1000594,603.39905, 772.59566, 665.38489
1000595,603.46816, 772.54231, 665.61915
1000596,603.53726, 772.48893, 665.85341
1000597,603.60637, 772.43551, 666.08765
1000598,603.67547, 772.38205, 666.32189
1000599,603.74458, 772.32855, 666.55611
1000600,603.81369, 772.27501, 666.79033
1000601,603.88280, 772.22143, 667.02454
1000602,603.95191, 772.16782, 667.25874
1000603,604.02102, 772.11416, 667.49293
1000604,604.09013, 772.06047, 667.72711
1000605,604.15924, 772.00674, 667.96128
1000606,604.22836, 771.95297, 668.19544
1000607,604.29747, 771.89917, 668.42960
1000608,604.36659, 771.84532, 668.66374
1000609,604.43571, 771.79144, 668.89788
1000610,604.50483, 771.73752, 669.13200
1000611,604.57395, 771.68356, 669.36612
1000612,604.64307, 771.62956, 669.60023
1000613,604.71219, 771.57553, 669.83433
1000614,604.78132, 771.52145, 670.06842
1000615,604.85044, 771.46734, 670.30250
1000616,604.91957, 771.41319, 670.53657
1000617,604.98870, 771.35900, 670.77063
1000618,605.05783, 771.30478, 671.00468
1000619,605.12695, 771.25051, 671.23873
1000620,657.15342, 720.06751, 843.29167
1000621,657.22340, 719.98510, 843.51709
1000622,657.29339, 719.90266, 843.74249
1000623,657.36337, 719.82019, 843.96787
1000624,657.43336, 719.73767, 844.19325
1000625,657.50334, 719.65512, 844.41861
1000626,657.57333, 719.57253, 844.64396
1000627,657.64332, 719.48991, 844.86929
1000628,657.71331, 719.40725, 845.09461
1000629,657.78330, 719.32455, 845.31991
1000630,657.85329, 719.24181, 845.54520
1000631,657.92328, 719.15904, 845.77048
1000632,657.99328, 719.07623, 845.99574
1000633,658.06327, 718.99339, 846.22099
1000634,658.13327, 718.91050, 846.44623
1000635,658.20327, 718.82758, 846.67145
1000636,658.27327, 718.74463, 846.89666
1000637,658.34327, 718.66164, 847.12185
1000638,658.41327, 718.57861, 847.34703
1000639,658.48327, 718.49554, 847.57220
1000640,658.55327, 718.41244, 847.79735
1000641,658.62328, 718.32930, 848.02249
1000642,658.69328, 718.24612, 848.24761
1000643,658.76329, 718.16291, 848.47272
1000644,658.83330, 718.07966, 848.69782
1000645,658.90331, 717.99637, 848.92290
1000646,658.97332, 717.91304, 849.14797
1000647,659.04333, 717.82968, 849.37302
1000648,640.80926, 738.33321, 790.17768
1000649,640.87897, 738.25948, 790.40616
1000650,640.94869, 738.18571, 790.63463
1000651,641.01840, 738.11190, 790.86308
1000652,641.08812, 738.03806, 791.09153
1000653,641.15784, 737.96418, 791.31996
1000654,641.22756, 737.89026, 791.54838
1000655,641.29728, 737.81630, 791.77679
1000656,641.36700, 737.74231, 792.00518
1000657,641.43672, 737.66828, 792.23356
1000658,641.50644, 737.59421, 792.46193
1000659,641.57617, 737.52010, 792.69029
1000660,641.64590, 737.44596, 792.91863
1000661,641.71562, 737.37178, 793.14696
1000662,641.78535, 737.29756, 793.37528
1000663,641.85508, 737.22331, 793.60359
1000664,641.92481, 737.14902, 793.83188
1000665,641.99454, 737.07469, 794.06017
1000666,642.06428, 737.00032, 794.28844
1000667,642.13401, 736.92592, 794.51669
1000668,642.20375, 736.85148, 794.74494
1000669,642.27348, 736.77700, 794.97317
1000670,642.34322, 736.70249, 795.20139
1000671,642.41296, 736.62793, 795.42960
1000672,642.48270, 736.55334, 795.65779
1000673,642.55244, 736.47872, 795.88597
1000674,642.62218, 736.40405, 796.11414
1000675,642.69192, 736.32935, 796.34230
1000676,642.76167, 736.25461, 796.57044
1000677,642.83141, 736.17984, 796.79858
1000678,642.90116, 736.10503, 797.02669
1000679,642.97091, 736.03017, 797.25480
1000680,622.93065, 756.04038, 731.06497
1000681,623.00007, 755.97630, 731.29643
1000682,623.06950, 755.91218, 731.52788
1000683,623.13892, 755.84802, 731.75932
1000684,623.20834, 755.78383, 731.99075
1000685,623.27777, 755.71959, 732.22217
1000686,623.34720, 755.65532, 732.45358
1000687,623.41662, 755.59102, 732.68497
1000688,623.48605, 755.52667, 732.91636
1000689,623.55548, 755.46229, 733.14773
1000690,623.62491, 755.39786, 733.37910
1000691,623.69435, 755.33340, 733.61045
1000692,623.76378, 755.26891, 733.84179
1000693,623.83321, 755.20437, 734.07312
1000694,623.90265, 755.13980, 734.30444
1000695,623.97209, 755.07519, 734.53575
1000696,624.04153, 755.01054, 734.76705
1000697,624.11096, 754.94585, 734.99834
1000698,624.18041, 754.88113, 735.22961
1000699,624.24985, 754.81637, 735.46088
1000700,624.31929, 754.75157, 735.69213
1000701,624.38873, 754.68673, 735.92338
1000702,624.45818, 754.62185, 736.15461
1000703,624.52762, 754.55694, 736.38583
1000704,624.59707, 754.49199, 736.61704
1000705,624.66652, 754.42700, 736.84824
1000706,624.73597, 754.36197, 737.07943
1000707,624.80542, 754.29691, 737.31061
1000708,624.87487, 754.23181, 737.54178
1000709,624.94432, 754.16667, 737.77293
1000710,625.01378, 754.10149, 738.00408
1000711,625.08323, 754.03628, 738.23521
1000712,607.40886, 769.43830, 678.95696
1000713,607.47803, 769.38273, 679.19069
1000714,607.54720, 769.32713, 679.42441
1000715,607.61637, 769.27148, 679.65811
1000716,607.68554, 769.21580, 679.89181
1000717,607.75471, 769.16009, 680.12550
1000718,607.82388, 769.10433, 680.35918
1000719,607.89306, 769.04853, 680.59285
1000720,607.96223, 768.99270, 680.82651
1000721,608.03141, 768.93683, 681.06016
1000722,608.10059, 768.88092, 681.29381
1000723,608.16977, 768.82497, 681.52744
1000724,608.23895, 768.76899, 681.76106
1000725,608.30813, 768.71296, 681.99467
1000726,608.37731, 768.65690, 682.22828
1000727,608.44649, 768.60080, 682.46187
1000728,608.51568, 768.54466, 682.69546
1000729,608.58487, 768.48849, 682.92903
1000730,608.65405, 768.43227, 683.16260
1000731,608.72324, 768.37602, 683.39616
1000732,608.79243, 768.31973, 683.62970
1000733,608.86162, 768.26340, 683.86324
1000734,608.93081, 768.20703, 684.09677
1000735,609.00000, 768.15062, 684.33029
1000736,609.06920, 768.09418, 684.56379
1000737,609.13839, 768.03770, 684.79729
1000738,609.20759, 767.98118, 685.03078
1000739,609.27679, 767.92462, 685.26426
1000740,609.34598, 767.86802, 685.49773
1000741,609.41518, 767.81139, 685.73119
1000742,609.48438, 767.75471, 685.96465
1000743,609.55359, 767.69800, 686.19809
1000744,591.94359, 780.91929, 626.37667
1000745,592.01251, 780.87232, 626.61235
1000746,592.08143, 780.82531, 626.84802
1000747,592.15035, 780.77826, 627.08368
1000748,592.21927, 780.73117, 627.31933
1000749,592.28819, 780.68405, 627.55498
1000750,592.35711, 780.63689, 627.79062
1000751,592.42603, 780.58968, 628.02625
1000752,592.49496, 780.54244, 628.26187
1000753,592.56388, 780.49516, 628.49748
1000754,592.63281, 780.44785, 628.73309
1000755,592.70174, 780.40049, 628.96869
1000756,592.77067, 780.35310, 629.20428
1000757,592.83960, 780.30566, 629.43986
1000758,592.90853, 780.25819, 629.67543
1000759,592.97746, 780.21068, 629.91100
1000760,593.04639, 780.16313, 630.14656
1000761,593.11533, 780.11555, 630.38211
1000762,593.18426, 780.06792, 630.61765
1000763,593.25320, 780.02026, 630.85318
1000764,593.32214, 779.97256, 631.08870
1000765,593.39107, 779.92481, 631.32422
1000766,593.46001, 779.87704, 631.55973
1000767,593.52896, 779.82922, 631.79523
1000768,593.59790, 779.78136, 632.03072
1000769,593.66684, 779.73347, 632.26621
1000770,593.73579, 779.68553, 632.50168
1000771,593.80473, 779.63756, 632.73715
1000772,593.87368, 779.58955, 632.97261
1000773,593.94263, 779.54150, 633.20806
1000774,594.01157, 779.49342, 633.44351
1000775,594.08052, 779.44529, 633.67894
1000776,645.34301, 733.46313, 805.00291
1000777,645.41280, 733.38698, 805.23058
1000778,645.48259, 733.31079, 805.45823
1000779,645.55238, 733.23456, 805.68586
1000780,645.62217, 733.15830, 805.91349
1000781,645.69196, 733.08200, 806.14110
1000782,645.76176, 733.00566, 806.36870
1000783,645.83155, 732.92928, 806.59629
1000784,645.90135, 732.85287, 806.82386
1000785,645.97115, 732.77642, 807.05142
1000786,646.04094, 732.69994, 807.27897
1000787,646.11074, 732.62341, 807.50650
1000788,646.18054, 732.54685, 807.73402
1000789,646.25035, 732.47025, 807.96153
1000790,646.32015, 732.39362, 808.18903
1000791,646.38995, 732.31695, 808.41651
1000792,646.45976, 732.24024, 808.64399
1000793,646.52956, 732.16349, 808.87144
1000794,646.59937, 732.08671, 809.09889
1000795,646.66918, 732.00989, 809.32632
1000796,646.73899, 731.93303, 809.55374
1000797,646.80880, 731.85614, 809.78115
1000798,646.87861, 731.77920, 810.00854
1000799,646.94842, 731.70223, 810.23592
1000800,647.01824, 731.62523, 810.46329
1000801,647.08805, 731.54818, 810.69064
1000802,647.15787, 731.47110, 810.91798
1000803,647.22769, 731.39399, 811.14531
1000804,647.29751, 731.31683, 811.37263
1000805,647.36733, 731.23964, 811.59993
1000806,647.43715, 731.16241, 811.82722
1000807,647.50697, 731.08515, 812.05450
1000808,627.37589, 751.86301, 745.85643
1000809,627.44538, 751.79651, 746.08719
1000810,627.51488, 751.72998, 746.31793
1000811,627.58437, 751.66341, 746.54867
1000812,627.65387, 751.59680, 746.77939
1000813,627.72337, 751.53015, 747.01010
1000814,627.79287, 751.46346, 747.24081
1000815,627.86237, 751.39674, 747.47149
1000816,627.93187, 751.32998, 747.70217
1000817,628.00137, 751.26318, 747.93284
1000818,628.07088, 751.19634, 748.16350
1000819,628.14038, 751.12947, 748.39414
1000820,628.20989, 751.06256, 748.62477
1000821,628.27939, 750.99561, 748.85540
1000822,628.34890, 750.92862, 749.08601
1000823,628.41841, 750.86159, 749.31661
1000824,628.48792, 750.79453, 749.54719
1000825,628.55743, 750.72743, 749.77777
1000826,628.62695, 750.66029, 750.00834
1000827,628.69646, 750.59312, 750.23889
1000828,628.76598, 750.52590, 750.46943
1000829,628.83549, 750.45865, 750.69996
1000830,628.90501, 750.39137, 750.93048
1000831,628.97453, 750.32404, 751.16099
1000832,629.04405, 750.25668, 751.39149
1000833,629.11357, 750.18927, 751.62198
1000834,629.18309, 750.12184, 751.85245
1000835,629.25262, 750.05436, 752.08292
1000836,629.32214, 749.98684, 752.31337
1000837,629.39167, 749.91929, 752.54381
1000838,629.46119, 749.85170, 752.77424
1000839,629.53072, 749.78408, 753.00466
1000840,611.83787, 765.80513, 693.89623
1000841,611.90711, 765.74713, 694.12934
1000842,611.97635, 765.68908, 694.36245
1000843,612.04559, 765.63100, 694.59554
1000844,612.11484, 765.57287, 694.82862
1000845,612.18408, 765.51471, 695.06169
1000846,612.25333, 765.45652, 695.29475
1000847,612.32258, 765.39828, 695.52781
1000848,612.39182, 765.34001, 695.76085
1000849,612.46107, 765.28169, 695.99388
1000850,612.53032, 765.22334, 696.22690
1000851,612.59957, 765.16495, 696.45992
1000852,612.66883, 765.10653, 696.69292
1000853,612.73808, 765.04806, 696.92591
1000854,612.80733, 764.98956, 697.15890
1000855,612.87659, 764.93102, 697.39187
1000856,612.94585, 764.87244, 697.62483
1000857,613.01510, 764.81382, 697.85779
1000858,613.08436, 764.75517, 698.09073
1000859,613.15362, 764.69647, 698.32366
1000860,613.22289, 764.63774, 698.55659
1000861,613.29215, 764.57897, 698.78950
1000862,613.36141, 764.52016, 699.02240
1000863,613.43068, 764.46132, 699.25530
1000864,613.49994, 764.40243, 699.48818
1000865,613.56921, 764.34351, 699.72106
1000866,613.63848, 764.28455, 699.95392
1000867,613.70775, 764.22555, 700.18677
1000868,613.77702, 764.16652, 700.41962
1000869,613.84629, 764.10744, 700.65245
1000870,613.91556, 764.04833, 700.88528
1000871,613.98484, 763.98918, 701.11809
1000872,596.35650, 777.83557, 641.44368
1000873,596.42549, 777.78614, 641.67883
1000874,596.49448, 777.73667, 641.91398
1000875,596.56347, 777.68716, 642.14911
1000876,596.63246, 777.63761, 642.38424
1000877,596.70145, 777.58802, 642.61936
1000878,596.77045, 777.53840, 642.85447
1000879,596.83944, 777.48873, 643.08957
1000880,596.90844, 777.43903, 643.32467
1000881,596.97743, 777.38929, 643.55975
1000882,597.04643, 777.33951, 643.79483
1000883,597.11543, 777.28970, 644.02990
1000884,597.18443, 777.23984, 644.26496
1000885,597.25343, 777.18995, 644.50001
1000886,597.32243, 777.14001, 644.73505
1000887,597.39144, 777.09004, 644.97009
1000888,597.46044, 777.04003, 645.20512
1000889,597.52945, 776.98999, 645.44013
1000890,597.59846, 776.93990, 645.67514
1000891,597.66746, 776.88978, 645.91014
1000892,597.73647, 776.83961, 646.14514
1000893,597.80548, 776.78941, 646.38012
1000894,597.87450, 776.73917, 646.61510
1000895,597.94351, 776.68889, 646.85006
1000896,598.01252, 776.63858, 647.08502
1000897,598.08154, 776.58822, 647.31997
1000898,598.15055, 776.53783, 647.55491
1000899,598.21957, 776.48740, 647.78984
1000900,598.28859, 776.43693, 648.02477
1000901,598.35761, 776.38642, 648.25968
1000902,598.42663, 776.33587, 648.49459
1000903,598.49565, 776.28529, 648.72949
1000904,649.81174, 728.51457, 819.54733
1000905,649.88160, 728.43605, 819.77416
1000906,649.95147, 728.35748, 820.00098
1000907,650.02133, 728.27888, 820.22779
1000908,650.09120, 728.20025, 820.45458
1000909,650.16106, 728.12157, 820.68136
1000910,650.23093, 728.04286, 820.90813
1000911,650.30080, 727.96411, 821.13488
1000912,650.37066, 727.88533, 821.36162
1000913,650.44054, 727.80650, 821.58835
1000914,650.51041, 727.72765, 821.81506
1000915,650.58028, 727.64875, 822.04176
1000916,650.65015, 727.56982, 822.26845
1000917,650.72003, 727.49085, 822.49513
1000918,650.78990, 727.41184, 822.72179
1000919,650.85978, 727.33279, 822.94843
1000920,650.92966, 727.25371, 823.17507
1000921,650.99954, 727.17459, 823.40169
1000922,651.06942, 727.09544, 823.62830
1000923,651.13930, 727.01625, 823.85489
1000924,651.20918, 726.93702, 824.08147
1000925,651.27907, 726.85775, 824.30804
1000926,651.34895, 726.77845, 824.53460
1000927,651.41884, 726.69911, 824.76114
1000928,651.48873, 726.61973, 824.98767
1000929,651.55862, 726.54032, 825.21418
1000930,651.62851, 726.46086, 825.44068
1000931,651.69840, 726.38138, 825.66717
1000932,651.76829, 726.30185, 825.89364
1000933,651.83818, 726.22229, 826.12011
1000934,651.90808, 726.14269, 826.34655
1000935,651.97797, 726.06305, 826.57299
1000936,631.89534, 747.46238, 760.83205
1000937,631.96491, 747.39344, 761.06207
1000938,632.03448, 747.32446, 761.29207
1000939,632.10405, 747.25544, 761.52207
1000940,632.17362, 747.18639, 761.75205
1000941,632.24319, 747.11729, 761.98202
1000942,632.31276, 747.04816, 762.21197
1000943,632.38234, 746.97900, 762.44192
1000944,632.45191, 746.90979, 762.67185
1000945,632.52149, 746.84055, 762.90178
1000946,632.59107, 746.77127, 763.13169
1000947,632.66065, 746.70195, 763.36159
1000948,632.73023, 746.63259, 763.59147
1000949,632.79981, 746.56320, 763.82135
1000950,632.86939, 746.49377, 764.05122
1000951,632.93898, 746.42430, 764.28107
1000952,633.00856, 746.35480, 764.51091
1000953,633.07815, 746.28525, 764.74074
1000954,633.14773, 746.21567, 764.97056
1000955,633.21732, 746.14605, 765.20036
1000956,633.28691, 746.07640, 765.43016
1000957,633.35650, 746.00671, 765.65994
1000958,633.42609, 745.93697, 765.88971
1000959,633.49569, 745.86721, 766.11947
1000960,633.56528, 745.79740, 766.34922
1000961,633.63487, 745.72756, 766.57895
1000962,633.70447, 745.65768, 766.80868
1000963,633.77407, 745.58776, 767.03839
1000964,633.84367, 745.51780, 767.26809
1000965,633.91327, 745.44781, 767.49778
1000966,633.98287, 745.37778, 767.72745
1000967,634.05247, 745.30771, 767.95712
1000968,588.70578, 783.08349, 615.29088
1000969,588.77464, 783.03833, 615.52693
1000970,588.84351, 782.99313, 615.76297
1000971,588.91237, 782.94789, 615.99900
1000972,588.98124, 782.90261, 616.23502
1000973,589.05011, 782.85730, 616.47104
1000974,589.11898, 782.81194, 616.70705
1000975,589.18785, 782.76655, 616.94305
1000976,589.25672, 782.72112, 617.17904
1000977,589.32560, 782.67565, 617.41503
1000978,589.39447, 782.63015, 617.65100
1000979,589.46334, 782.58460, 617.88697
1000980,589.53222, 782.53901, 618.12294
1000981,589.60110, 782.49339, 618.35889
1000982,589.66998, 782.44773, 618.59484
1000983,589.73886, 782.40203, 618.83078
1000984,589.80774, 782.35629, 619.06671
1000985,589.87662, 782.31051, 619.30263
1000986,589.94550, 782.26470, 619.53855
1000987,590.01439, 782.21884, 619.77445
1000988,590.08327, 782.17295, 620.01035
1000989,590.15216, 782.12702, 620.24624
1000990,590.22105, 782.08105, 620.48213
1000991,590.28993, 782.03504, 620.71800
1000992,590.35882, 781.98900, 620.95387
1000993,590.42771, 781.94291, 621.18973
1000994,590.49661, 781.89679, 621.42559
1000995,590.56550, 781.85062, 621.66143
1000996,590.63439, 781.80442, 621.89727
1000997,590.70329, 781.75818, 622.13310
1000998,590.77219, 781.71191, 622.36892
1000999,590.84108, 781.66559, 622.60473
1001000,590.90998, 781.61923, 622.84054
1001001,590.97888, 781.57284, 623.07633
1001002,591.04778, 781.52641, 623.31212
1001003,591.11668, 781.47994, 623.54791
1001004,591.18559, 781.43343, 623.78368
1001005,591.25449, 781.38688, 624.01945
1001006,591.32340, 781.34030, 624.25520
1001007,591.39230, 781.29367, 624.49095
1001008,591.46121, 781.24701, 624.72670
1001009,591.53012, 781.20031, 624.96243
1001010,591.59903, 781.15357, 625.19816
1001011,591.66794, 781.10679, 625.43387
1001012,591.73685, 781.05997, 625.66958
1001013,591.80576, 781.01312, 625.90529
1001014,591.87468, 780.96622, 626.14098
